                                                                        
010015020030040050060070080090100150200250300350400450500600700800900100
    n
    p
  he4
  c12
  o16
 ne20
 mg24
 si28
  p31
  s32
 ar36
 ca40
 ca44
 ti44
 cr48
 fe52
 fe56
 co56
 ni56
    n       1.000   0   1   0.5     8.071
     1.00     1.00     1.00     1.00     1.00     1.00     1.00     1.00
     1.00     1.00     1.00     1.00     1.00     1.00     1.00     1.00
     1.00     1.00     1.00     1.00     1.00     1.00     1.00     1.00
    p       1.000   1   0   0.5     7.289
     1.00     1.00     1.00     1.00     1.00     1.00     1.00     1.00
     1.00     1.00     1.00     1.00     1.00     1.00     1.00     1.00
     1.00     1.00     1.00     1.00     1.00     1.00     1.00     1.00
  he4       4.000   2   2   0.0     2.425
     1.00     1.00     1.00     1.00     1.00     1.00     1.00     1.00
     1.00     1.00     1.00     1.00     1.00     1.00     1.00     1.00
     1.00     1.00     1.00     1.00     1.00     1.00     1.00     1.00
  c12      12.000   6   6   0.0     0.000
     1.00     1.00     1.00     1.00     1.00     1.00     1.00     1.00
     1.00     1.00     1.00     1.00     1.00     1.00     1.00     1.00
     1.00     1.00     1.00     1.00     1.00     1.00     1.00     1.00
  o16      16.000   8   8   0.0    -4.737
     1.00     1.00     1.00     1.00     1.00     1.00     1.00     1.00
     1.00     1.00     1.00     1.00     1.00     1.00     1.00     1.00
     1.00     1.00     1.00     1.00     1.00     1.00     1.00     1.00
 ne20      20.000  10  10   0.0    -7.042
     1.00     1.00     1.00     1.00     1.00     1.00     1.00     1.00
     1.00     1.00     1.00     1.00     1.00     1.00     1.01     1.02
     1.04     1.07     1.11     1.22     1.34     1.49     1.66     1.85
 mg24      24.000  12  12   0.0   -13.933
     1.00     1.00     1.00     1.00     1.00     1.00     1.00     1.00
     1.00     1.00     1.00     1.00     1.00     1.01     1.03     1.05
     1.09     1.15     1.21     1.36     1.53     1.73     1.94     2.17
 si28      28.000  14  14   0.0   -21.493
     1.00     1.00     1.00     1.00     1.00     1.00     1.00     1.00
     1.00     1.00     1.00     1.00     1.00     1.00     1.01     1.01
     1.03     1.05     1.08     1.16     1.27     1.39     1.54     1.70
  p31      31.000  15  16   0.5   -24.441
     1.00     1.00     1.00     1.00     1.00     1.00     1.00     1.00
     1.00     1.00     1.00     1.00     1.00     1.01     1.02     1.03
     1.06     1.09     1.13     1.23     1.38     1.57     1.83     2.19
  s32      32.000  16  16   0.0   -26.016
     1.00     1.00     1.00     1.00     1.00     1.00     1.00     1.00
     1.00     1.00     1.00     1.00     1.00     1.00     1.00     1.00
     1.01     1.02     1.03     1.07     1.14     1.24     1.39     1.59
 ar36      36.000  18  18   0.0   -30.230
     1.00     1.00     1.00     1.00     1.00     1.00     1.00     1.00
     1.00     1.00     1.00     1.00     1.00     1.00     1.00     1.01
     1.02     1.03     1.05     1.12     1.22     1.37     1.57     1.86
 ca40      40.000  20  20   0.0   -34.846
     1.00     1.00     1.00     1.00     1.00     1.00     1.00     1.00
     1.00     1.00     1.00     1.00     1.00     1.00     1.00     1.00
     1.00     1.00     1.00     1.01     1.04     1.09     1.20     1.38
 ca44      44.000  20  24   0.0   -41.469
     1.00     1.00     1.00     1.00     1.00     1.00     1.00     1.00
     1.00     1.00     1.00     1.00     1.01     1.02     1.06     1.12
     1.20     1.30     1.44     1.80     2.32     3.03     4.00     5.34
 ti44      44.000  22  22   0.0   -37.548
     1.00     1.00     1.00     1.00     1.00     1.00     1.00     1.00
     1.00     1.00     1.00     1.00     1.01     1.03     1.08     1.14
     1.23     1.35     1.49     1.85     2.35     3.01     3.86     4.94
 cr48      48.000  24  24   0.0   -42.815
     1.00     1.00     1.00     1.00     1.00     1.00     1.00     1.00
     1.00     1.00     1.00     1.01     1.06     1.15     1.28     1.43
     1.61     1.80     2.00     2.46     3.00     3.63     4.44     5.54
 fe52      52.000  26  26   0.0   -48.329
     1.00     1.00     1.00     1.00     1.00     1.00     1.00     1.00
     1.00     1.00     1.00     1.01     1.04     1.10     1.19     1.30
     1.44     1.58     1.74     2.10     2.51     3.00     3.65     4.57
 fe56      56.000  26  30   0.0   -60.601
     1.00     1.00     1.00     1.00     1.00     1.00     1.00     1.00
     1.00     1.00     1.00     1.01     1.04     1.10     1.19     1.31
     1.46     1.63     1.83     2.34     3.08     4.17     5.83     8.41
 co56      56.000  27  29   4.0   -56.035
     1.00     1.00     1.00     1.00     1.01     1.02     1.04     1.06
     1.08     1.10     1.13     1.25     1.37     1.50     1.65     1.81
     1.99     2.18     2.39     2.90     3.55     4.42     5.64     7.39
 ni56      56.000  28  28   0.0   -53.900
     1.00     1.00     1.00     1.00     1.00     1.00     1.00     1.00
     1.00     1.00     1.00     1.00     1.00     1.00     1.00     1.00
     1.00     1.01     1.01     1.03     1.08     1.18     1.35     1.67
