         p    n                             ffn     -7.82400E-01
 -99.999 -99.999 -49.763 -51.345 -29.590 -30.865 -19.271 -20.233 -14.027
 -14.732 -10.774 -11.311  -7.998  -8.341  -6.465  -6.669  -4.722  -4.726
  -2.975  -2.728  -1.042  -0.457   1.593   2.689   4.286   5.920 -99.999
 -99.999 -48.762 -50.343 -28.590 -29.864 -18.271 -19.234 -13.614 -14.319
 -10.752 -11.289  -7.996  -8.339  -6.465  -6.668  -4.722  -4.726  -2.975
  -2.728  -1.042  -0.457   1.593   2.689   4.286   5.920 -99.999 -99.999
 -47.744 -49.326 -27.584 -28.859 -17.269 -18.231 -12.666 -13.371 -10.546
 -11.083  -7.982  -8.325  -6.462  -6.665  -4.722  -4.726  -2.975  -2.728
  -1.042  -0.457   1.593   2.689   4.286   5.920 -99.999 -99.999 -46.588
 -48.169 -26.530 -27.804 -16.251 -17.213 -11.660 -12.364  -9.724 -10.261
  -7.840  -8.183  -6.430  -6.633  -4.716  -4.720  -2.974  -2.727  -1.042
  -0.457   1.593   2.689   4.286   5.920 -99.999 -99.999 -44.244 -45.826
 -25.023 -26.297 -15.082 -16.045 -10.593 -11.298  -8.693  -9.230  -7.107
  -7.450  -6.142  -6.345  -4.663  -4.667  -2.966  -2.718  -1.041  -0.456
   1.593   2.689   4.286   5.920 -99.999 -99.999 -36.054 -37.636 -20.838
 -22.112 -12.809 -13.772  -9.043  -9.748  -7.390  -7.927  -5.969  -6.312
  -5.175  -5.378  -4.221  -4.225  -2.883  -2.636  -1.032  -0.448   1.594
   2.690   4.286   5.920 -46.256 -48.843 -10.996 -12.577  -8.296  -9.570
  -6.492  -7.452  -5.372  -6.071  -4.741  -5.271  -4.073  -4.408  -3.623
  -3.819  -3.017  -3.015  -2.277  -2.027  -0.944  -0.359   1.597   2.693
   4.286   5.920  -1.356  -1.397  -1.356  -1.397  -1.356  -1.396  -1.352
  -1.388  -1.342  -1.370  -1.327  -1.342  -1.292  -1.277  -1.247  -1.195
  -1.135  -0.999  -0.882  -0.581  -0.308   0.286   1.628   2.724   4.287
   5.921   0.825   1.325   0.825   1.325   0.825   1.325   0.826   1.326
   0.825   1.326   0.828   1.330   0.832   1.338   0.837   1.346   0.851
   1.372   0.897   1.455   1.067   1.753   1.915   3.016   4.295   5.929
   2.669   3.577   2.669   3.577   2.669   3.577   2.669   3.577   2.669
   3.578   2.669   3.577   2.670   3.579   2.671   3.580   2.673   3.585
   2.681   3.600   2.718   3.666   2.999   4.150   4.378   6.012   4.409
   5.682   4.409   5.682   4.409   5.682   4.409   5.682   4.409   5.683
   4.409   5.682   4.409   5.683   4.410   5.683   4.410   5.684   4.412
   5.687   4.419   5.701   4.492   5.831   4.982   6.632
         n    p                             ffn      7.82400E-01
  -2.966  -3.283  -2.966  -3.283  -2.966  -3.283  -2.966  -3.283  -2.965
  -3.283  -2.964  -3.279  -2.948  -3.209  -2.882  -2.977  -2.547  -2.298
  -1.728  -1.239  -0.421   0.297   1.795   2.936   4.340   5.987  -2.966
  -3.283  -2.966  -3.283  -2.966  -3.283  -2.966  -3.283  -2.966  -3.283
  -2.965  -3.279  -2.948  -3.209  -2.882  -2.977  -2.547  -2.298  -1.728
  -1.239  -0.421   0.297   1.795   2.936   4.340   5.987  -2.966  -3.284
  -2.966  -3.284  -2.966  -3.284  -2.966  -3.284  -2.966  -3.284  -2.965
  -3.281  -2.949  -3.211  -2.882  -2.979  -2.547  -2.299  -1.728  -1.239
  -0.421   0.297   1.795   2.936   4.340   5.987  -2.968  -3.287  -2.968
  -3.287  -2.968  -3.287  -2.967  -3.286  -2.967  -3.286  -2.967  -3.285
  -2.954  -3.232  -2.888  -2.995  -2.551  -2.304  -1.729  -1.240  -0.421
   0.297   1.795   2.936   4.340   5.987  -2.987  -3.318  -2.986  -3.316
  -2.986  -3.315  -2.984  -3.312  -2.982  -3.307  -2.980  -3.304  -2.975
  -3.288  -2.932  -3.118  -2.584  -2.351  -1.737  -1.248  -0.422   0.296
   1.795   2.936   4.340   5.987  -3.140  -3.546  -3.146  -3.555  -3.145
  -3.552  -3.137  -3.536  -3.122  -3.506  -3.105  -3.474  -3.077  -3.427
  -3.048  -3.365  -2.820  -2.724  -1.813  -1.328  -0.431   0.288   1.794
   2.936   4.340   5.987  -5.545  -6.836  -5.447  -6.670  -5.314  -6.430
  -4.997  -5.921  -4.597  -5.333  -4.303  -4.922  -3.962  -4.468  -3.734
  -4.174  -3.415  -3.632  -2.373  -1.926  -0.516   0.201   1.791   2.933
   4.340   5.987 -99.999 -99.999 -65.575 -67.169 -35.616 -36.916 -20.216
 -21.229 -13.304 -14.100 -10.400 -11.071  -8.026  -8.580  -6.779  -7.266
  -5.443  -5.748  -3.798  -3.417  -1.158  -0.446   1.761   2.902   4.339
   5.986 -99.999 -99.999 -99.999 -99.999 -99.999 -99.999 -54.694 -55.708
 -32.995 -33.791 -24.209 -24.880 -17.258 -17.812 -13.722 -14.209 -10.113
 -10.419  -6.685  -6.310  -2.774  -2.064   1.471   2.609   4.331   5.978
 -99.999 -99.999 -99.999 -99.999 -99.999 -99.999 -99.999 -99.999 -75.784
 -76.579 -54.136 -54.806 -37.226 -37.780 -28.711 -29.198 -20.131 -20.438
 -12.734 -12.359  -5.894  -5.184   0.270   1.405   4.248   5.894 -99.999
 -99.999 -99.999 -99.999 -99.999 -99.999 -99.999 -99.999 -99.999 -99.999
 -99.999 -99.999 -80.287 -80.841 -61.019 -61.507 -41.679 -41.985 -25.683
 -25.308 -12.413 -11.703  -2.057  -0.922   3.618   5.261
      ni56 co56                             ffn      2.13460E+00
  -8.656  -9.029  -9.145  -9.510  -9.272  -9.626  -9.370  -9.698  -8.762
  -9.043  -7.426  -7.653  -6.176  -6.308  -5.390  -5.430  -4.296  -4.203
  -2.548  -2.269  -0.246   0.382   2.588   3.740   5.503   7.203  -7.676
  -8.049  -8.146  -8.510  -8.273  -8.626  -8.370  -8.698  -8.349  -8.630
  -7.405  -7.631  -6.175  -6.307  -5.390  -5.430  -4.296  -4.203  -2.548
  -2.269  -0.246   0.382   2.588   3.740   5.503   7.203  -6.774  -7.146
  -7.151  -7.515  -7.274  -7.628  -7.370  -7.698  -7.401  -7.682  -7.199
  -7.425  -6.160  -6.292  -5.387  -5.427  -4.295  -4.203  -2.548  -2.269
  -0.246   0.382   2.588   3.740   5.503   7.203  -6.103  -6.471  -6.203
  -6.565  -6.292  -6.644  -6.374  -6.701  -6.403  -6.682  -6.380  -6.606
  -6.019  -6.151  -5.355  -5.396  -4.290  -4.198  -2.547  -2.269  -0.246
   0.382   2.588   3.740   5.503   7.203  -5.366  -5.712  -5.371  -5.714
  -5.380  -5.716  -5.406  -5.721  -5.408  -5.679  -5.383  -5.602  -5.297
  -5.426  -5.071  -5.110  -4.239  -4.147  -2.540  -2.261  -0.245   0.383
   2.588   3.740   5.503   7.203  -4.435  -4.690  -4.434  -4.688  -4.429
  -4.680  -4.420  -4.659  -4.391  -4.601  -4.353  -4.525  -4.252  -4.346
  -4.158  -4.180  -3.813  -3.721  -2.463  -2.185  -0.237   0.390   2.589
   3.740   5.503   7.203  -3.117  -3.140  -3.116  -3.139  -3.114  -3.137
  -3.109  -3.128  -3.098  -3.107  -3.079  -3.074  -3.035  -2.998  -2.970
  -2.899  -2.710  -2.590  -1.879  -1.608  -0.160   0.469   2.592   3.743
   5.503   7.203  -1.422  -1.219  -1.422  -1.219  -1.420  -1.218  -1.410
  -1.214  -1.386  -1.201  -1.349  -1.180  -1.268  -1.125  -1.163  -1.039
  -0.921  -0.789  -0.453  -0.183   0.435   1.067   2.620   3.773   5.504
   7.204   1.450   1.852   1.449   1.851   1.450   1.852   1.451   1.853
   1.450   1.853   1.453   1.859   1.459   1.869   1.466   1.882   1.485
   1.918   1.548   2.031   1.793   2.473   2.890   4.050   5.512   7.212
   3.453   4.323   3.453   4.323   3.453   4.323   3.453   4.324   3.453
   4.324   3.453   4.324   3.454   4.326   3.455   4.327   3.458   4.332
   3.467   4.349   3.515   4.439   3.936   5.135   5.592   7.294   5.234
   6.492   5.234   6.492   5.234   6.492   5.234   6.492   5.234   6.493
   5.234   6.492   5.234   6.493   5.235   6.493   5.235   6.494   5.237
   6.497   5.248   6.517   5.392   6.750   6.182   7.899
      co56 ni56                             ffn     -2.13460E+00
 -99.999 -99.999 -99.999 -99.999 -68.764 -69.405 -37.653 -38.120 -23.060
 -23.185 -17.790 -17.873 -13.515 -13.523 -10.995 -10.959  -8.080  -8.020
  -5.631  -5.394  -3.128  -2.430   0.762   1.898   4.378   5.977 -99.999
 -99.999 -99.999 -99.999 -68.765 -69.406 -37.759 -38.373 -23.449 -23.590
 -17.810 -17.895 -13.516 -13.524 -10.995 -10.959  -8.080  -8.020  -5.631
  -5.394  -3.128  -2.430   0.762   1.898   4.378   5.977 -99.999 -99.999
 -99.999 -99.999 -68.766 -69.408 -37.772 -38.410 -24.171 -24.454 -18.006
 -18.097 -13.528 -13.536 -10.996 -10.960  -8.080  -8.020  -5.631  -5.395
  -3.128  -2.430   0.762   1.898   4.378   5.977 -99.999 -99.999 -99.999
 -99.999 -68.782 -69.430 -37.784 -38.428 -24.468 -25.013 -18.698 -18.874
 -13.643 -13.652 -11.009 -10.974  -8.081  -8.022  -5.631  -5.395  -3.128
  -2.430   0.762   1.898   4.378   5.977 -99.999 -99.999 -99.999 -99.999
 -68.907 -69.602 -37.880 -38.553 -24.576 -25.221 -19.166 -19.601 -14.085
 -14.106 -11.104 -11.079  -8.089  -8.035  -5.634  -5.400  -3.129  -2.431
   0.762   1.898   4.378   5.977 -99.999 -99.999 -99.999 -99.999 -69.825
 -70.825 -38.647 -39.526 -25.140 -25.903 -19.633 -20.188 -14.340 -14.371
 -11.245 -11.243  -8.143  -8.118  -5.660  -5.448  -3.137  -2.439   0.761
   1.898   4.378   5.977 -99.999 -99.999 -99.999 -99.999 -81.252 -82.560
 -44.535 -45.568 -28.448 -29.067 -21.007 -21.185 -14.720 -14.848 -11.483
 -11.568  -8.341  -8.391  -5.834  -5.757  -3.214  -2.524   0.758   1.895
   4.378   5.977 -99.999 -99.999 -99.999 -99.999 -99.999 -99.999 -56.526
 -57.526 -33.852 -34.621 -24.352 -25.046 -17.212 -17.718 -13.554 -13.943
  -9.815 -10.065  -6.663  -6.757  -3.778  -3.154   0.728   1.864   4.377
   5.976 -99.999 -99.999 -99.999 -99.999 -99.999 -99.999 -90.974 -91.973
 -53.512 -54.279 -38.418 -39.042 -26.546 -27.016 -20.534 -20.903 -14.458
 -14.703  -9.541  -9.646  -5.316  -4.756   0.438   1.571   4.369   5.968
 -99.999 -99.999 -99.999 -99.999 -99.999 -99.999 -99.999 -99.999 -96.301
 -97.068 -68.344 -68.969 -46.514 -46.984 -35.523 -35.892 -24.477 -24.722
 -15.591 -15.696  -8.434  -7.876  -0.763   0.368   4.286   5.884 -99.999
 -99.999 -99.999 -99.999 -99.999 -99.999 -99.999 -99.999 -99.999 -99.999
 -99.999 -99.999 -89.576 -90.045 -67.832 -68.201 -46.025 -46.270 -28.540
 -28.645 -14.953 -14.394  -3.090  -1.959   3.652   5.249
      co56 fe56                             ffn      4.56740E+00
  -7.766  -7.864  -7.768  -7.866  -6.818  -6.659  -4.877  -4.694  -4.042
  -3.860  -3.726  -3.544  -3.490  -3.305  -3.352  -3.152  -3.030  -2.767
  -1.977  -1.619  -0.179   0.432   2.469   3.593   5.341   7.021  -7.738
  -7.833  -7.758  -7.855  -6.817  -6.658  -4.877  -4.694  -4.042  -3.860
  -3.726  -3.544  -3.490  -3.305  -3.352  -3.152  -3.030  -2.767  -1.977
  -1.619  -0.179   0.432   2.469   3.593   5.341   7.021  -7.565  -7.644
  -7.672  -7.760  -6.808  -6.652  -4.876  -4.693  -4.042  -3.859  -3.726
  -3.543  -3.490  -3.304  -3.352  -3.152  -3.030  -2.767  -1.977  -1.619
  -0.179   0.432   2.469   3.593   5.341   7.021  -7.190  -7.249  -7.265
  -7.325  -6.735  -6.599  -4.871  -4.685  -4.038  -3.853  -3.723  -3.538
  -3.488  -3.301  -3.350  -3.149  -3.028  -2.765  -1.976  -1.618  -0.179
   0.432   2.469   3.593   5.341   7.021  -6.574  -6.617  -6.580  -6.623
  -6.391  -6.319  -4.828  -4.619  -4.004  -3.795  -3.691  -3.483  -3.459
  -3.252  -3.328  -3.112  -3.009  -2.742  -1.969  -1.611  -0.178   0.433
   2.469   3.593   5.341   7.021  -5.726  -5.738  -5.726  -5.737  -5.670
  -5.630  -4.592  -4.300  -3.786  -3.478  -3.473  -3.162  -3.234  -2.921
  -3.093  -2.781  -2.801  -2.498  -1.897  -1.539  -0.170   0.442   2.469
   3.593   5.341   7.021  -4.544  -4.440  -4.544  -4.439  -4.525  -4.400
  -3.826  -3.439  -3.062  -2.638  -2.735  -2.316  -2.450  -2.055  -2.258
  -1.892  -1.915  -1.599  -1.343  -0.984  -0.085   0.528   2.472   3.596
   5.341   7.021  -0.540  -0.586  -0.540  -0.587  -0.539  -0.585  -0.533
  -0.567  -0.508  -0.494  -0.476  -0.411  -0.421  -0.296  -0.366  -0.197
  -0.262  -0.019  -0.022   0.349   0.537   1.158   2.502   3.627   5.342
   7.022   1.632   2.128   1.632   2.128   1.632   2.128   1.633   2.130
   1.636   2.135   1.642   2.145   1.651   2.161   1.658   2.176   1.677
   2.209   1.723   2.295   1.899   2.600   2.782   3.913   5.350   7.030
   3.464   4.369   3.464   4.370   3.464   4.370   3.465   4.370   3.466
   4.372   3.468   4.374   3.471   4.379   3.474   4.383   3.479   4.391
   3.490   4.410   3.530   4.481   3.847   5.022   5.431   7.113   5.194
   6.466   5.194   6.466   5.194   6.466   5.194   6.466   5.196   6.468
   5.197   6.469   5.199   6.471   5.200   6.473   5.203   6.476   5.207
   6.482   5.216   6.498   5.315   6.666   6.025   7.722
      fe56 co56                             ffn     -4.56740E+00
 -99.999 -99.999 -99.999 -99.999 -99.999 -99.999 -61.462 -62.430 -35.423
 -36.135 -25.757 -26.300 -18.019 -18.358 -13.908 -14.123  -9.523  -9.522
  -5.578  -5.193  -1.951  -1.246   1.554   2.686   4.692   6.303 -99.999
 -99.999 -99.999 -99.999 -99.999 -99.999 -62.462 -63.430 -35.836 -36.548
 -25.779 -26.322 -18.020 -18.359 -13.909 -14.124  -9.523  -9.522  -5.578
  -5.193  -1.951  -1.246   1.554   2.686   4.692   6.303 -99.999 -99.999
 -99.999 -99.999 -99.999 -99.999 -63.465 -64.432 -36.784 -37.496 -25.983
 -26.525 -18.033 -18.372 -13.911 -14.126  -9.524  -9.523  -5.578  -5.193
  -1.951  -1.246   1.554   2.686   4.692   6.303 -99.999 -99.999 -99.999
 -99.999 -99.999 -99.999 -64.482 -65.450 -37.786 -38.489 -26.786 -27.311
 -18.157 -18.493 -13.933 -14.150  -9.527  -9.527  -5.579  -5.194  -1.951
  -1.246   1.554   2.686   4.692   6.303 -99.999 -99.999 -99.999 -99.999
 -99.999 -99.999 -65.651 -66.617 -38.804 -39.439 -27.644 -28.075 -18.678
 -18.993 -14.114 -14.344  -9.559  -9.569  -5.586  -5.202  -1.952  -1.247
   1.554   2.686   4.692   6.303 -99.999 -99.999 -99.999 -99.999 -99.999
 -99.999 -67.888 -68.764 -39.780 -40.194 -28.176 -28.529 -19.069 -19.386
 -14.474 -14.758  -9.784  -9.884  -5.655  -5.280  -1.960  -1.256   1.554
   2.686   4.692   6.303 -99.999 -99.999 -99.999 -99.999 -99.999 -99.999
 -70.693 -71.574 -41.303 -42.013 -29.390 -29.984 -19.994 -20.473 -15.211
 -15.619 -10.369 -10.652  -6.146  -5.860  -2.046  -1.343   1.551   2.683
   4.692   6.303 -99.999 -99.999 -99.999 -99.999 -99.999 -99.999 -85.785
 -86.795 -49.957 -50.747 -35.462 -36.123 -24.040 -24.573 -18.255 -18.714
 -12.395 -12.743  -7.475  -7.319  -2.684  -1.989   1.520   2.652   4.691
   6.302 -99.999 -99.999 -99.999 -99.999 -99.999 -99.999 -99.999 -99.999
 -69.648 -70.438 -49.272 -49.932 -33.273 -33.805 -25.198 -25.657 -17.065
 -17.413 -10.356 -10.209  -4.295  -3.606   1.230   2.359   4.683   6.294
 -99.999 -99.999 -99.999 -99.999 -99.999 -99.999 -99.999 -99.999 -99.999
 -99.999 -79.198 -79.859 -53.241 -53.773 -40.187 -40.646 -27.083 -27.432
 -16.405 -16.258  -7.416  -6.726   0.030   1.155   4.600   6.210 -99.999
 -99.999 -99.999 -99.999 -99.999 -99.999 -99.999 -99.999 -99.999 -99.999
 -99.999 -99.999 -96.302 -96.834 -72.496 -72.955 -48.631 -48.979 -29.354
 -29.207 -13.934 -13.245  -2.297  -1.172   3.967   5.575
