    1  1 H    1  7.124E-01  7.109E-01
    2  1 H    2  2.762E-05  2.758E-05
    3  2 He   3  3.411E-05  3.412E-05
    4  2 He   4  2.727E-01  2.741E-01
    5  3 Li   6  7.363E-10  7.387E-10
    6  3 Li   7  1.046E-08  1.049E-08
    7  4 Be   9  1.932E-10  1.941E-10
    8  5 B   10  9.995E-10  1.004E-09
    9  5 B   11  4.446E-09  4.467E-09
   10  6 C   12  2.443E-03  2.457E-03
   11  6 C   13  2.965E-05  2.981E-05
   12  7 N   14  7.911E-04  7.955E-04
   13  7 N   15  3.116E-06  3.133E-06
   14  8 O   16  6.558E-03  6.597E-03
   15  8 O   17  2.600E-06  2.615E-06
   16  8 O   18  1.480E-05  1.488E-05
   17  9 F   19  4.646E-07  4.673E-07
   18 10 Ne  20  1.160E-03  1.167E-03
   19 10 Ne  21  2.922E-06  2.939E-06
   20 10 Ne  22  9.387E-05  9.445E-05
   21 11 Na  23  3.844E-05  3.868E-05
   22 12 Mg  24  5.619E-04  5.655E-04
   23 12 Mg  25  7.411E-05  7.457E-05
   24 12 Mg  26  8.484E-05  8.539E-05
   25 13 Al  27  6.598E-05  6.640E-05
   26 14 Si  28  7.503E-04  7.552E-04
   27 14 Si  29  3.946E-05  3.972E-05
   28 14 Si  30  2.691E-05  2.708E-05
   29 15 P   31  7.541E-06  7.591E-06
   30 16 S   32  3.930E-04  3.956E-04
   31 16 S   33  3.202E-06  3.223E-06
   32 16 S   34  1.852E-05  1.864E-05
   33 16 S   36  7.948E-08  8.001E-08
   34 17 Cl  35  4.035E-06  4.061E-06
   35 17 Cl  37  1.364E-06  1.373E-06
   36 18 Ar  36  9.069E-05  9.129E-05
   37 18 Ar  38  1.740E-05  1.752E-05
   38 18 Ar  40  2.789E-08  2.807E-08
   39 19 K   39  3.901E-06  3.927E-06
   40 19 K   40  6.240E-09  6.282E-09
   41 19 K   41  2.960E-07  2.980E-07
   42 20 Ca  40  7.082E-05  7.129E-05
   43 20 Ca  42  4.966E-07  4.999E-07
   44 20 Ca  43  1.061E-07  1.068E-07
   45 20 Ca  44  1.676E-06  1.687E-06
   46 20 Ca  46  3.341E-09  3.363E-09
   47 20 Ca  48  1.645E-07  1.656E-07
   48 21 Sc  45  4.471E-08  4.501E-08
   49 22 Ti  46  2.672E-07  2.690E-07
   50 22 Ti  47  2.457E-07  2.474E-07
   51 22 Ti  48  2.489E-06  2.506E-06
   52 22 Ti  49  1.864E-07  1.877E-07
   53 22 Ti  50  1.830E-07  1.842E-07
   54 23 V   50  1.046E-09  1.053E-09
   55 23 V   51  4.261E-07  4.291E-07
   56 24 Cr  50  8.118E-07  8.174E-07
   57 24 Cr  52  1.627E-05  1.639E-05
   58 24 Cr  53  1.881E-06  1.894E-06
   59 24 Cr  54  4.768E-07  4.801E-07
   60 25 Mn  55  1.465E-05  1.475E-05
   61 26 Fe  54  7.682E-05  7.735E-05
   62 26 Fe  56  1.251E-03  1.259E-03
   63 26 Fe  57  2.940E-05  2.960E-05
   64 26 Fe  58  3.976E-06  4.003E-06
   65 27 Co  59  3.981E-06  4.008E-06
   66 28 Ni  58  5.482E-05  5.519E-05
   67 28 Ni  60  2.184E-05  2.199E-05
   68 28 Ni  61  9.656E-07  9.722E-07
   69 28 Ni  62  3.128E-06  3.149E-06
   70 28 Ni  64  8.216E-07  8.273E-07
   71 29 Cu  63  6.670E-07  6.715E-07
   72 29 Cu  65  3.068E-07  3.089E-07
   73 30 Zn  64  1.108E-06  1.115E-06
   74 30 Zn  66  6.556E-07  6.601E-07
   75 30 Zn  67  9.789E-08  9.856E-08
   76 30 Zn  68  4.543E-07  4.574E-07
   77 30 Zn  70  1.545E-08  1.556E-08
   78 31 Ga  69  4.333E-08  4.363E-08
   79 31 Ga  71  2.959E-08  2.980E-08
   80 32 Ge  70  5.205E-08  5.241E-08
   81 32 Ge  72  6.985E-08  7.033E-08
   82 32 Ge  73  1.972E-08  1.985E-08
   83 32 Ge  74  9.307E-08  9.370E-08
   84 32 Ge  76  1.987E-08  2.000E-08
   85 33 As  75  1.327E-08  1.336E-08
   86 34 Se  74  1.247E-09  1.255E-09
   87 34 Se  76  1.360E-08  1.369E-08
   88 34 Se  77  1.123E-08  1.130E-08
   89 34 Se  78  3.543E-08  3.568E-08
   90 34 Se  80  7.585E-08  7.636E-08
   91 34 Se  82  1.367E-08  1.376E-08
   92 35 Br  79  1.317E-08  1.326E-08
   93 35 Br  81  1.313E-08  1.322E-08
   94 36 Kr  78  4.531E-10  4.562E-10
   95 36 Kr  80  2.974E-09  2.995E-09
   96 36 Kr  82  1.532E-08  1.542E-08
   97 36 Kr  83  1.536E-08  1.546E-08
   98 36 Kr  84  7.657E-08  7.709E-08
   99 36 Kr  86  2.371E-08  2.387E-08
  100 37 Rb  85  1.171E-08  1.179E-08
  101 37 Rb  87  4.930E-09  4.964E-09
  102 38 Sr  84  3.202E-10  3.224E-10
  103 38 Sr  86  5.797E-09  5.837E-09
  104 38 Sr  87  4.098E-09  4.126E-09
  105 38 Sr  88  4.970E-08  5.004E-08
  106 39 Y   89  1.191E-08  1.199E-08
  107 40 Zr  90  1.524E-08  1.534E-08
  108 40 Zr  91  3.362E-09  3.385E-09
  109 40 Zr  92  5.192E-09  5.228E-09
  110 40 Zr  94  5.376E-09  5.413E-09
  111 40 Zr  96  8.840E-10  8.900E-10
  112 41 Nb  93  2.041E-09  2.054E-09
  113 42 Mo  92  1.032E-09  1.039E-09
  114 42 Mo  94  6.581E-10  6.625E-10
  115 42 Mo  95  1.142E-09  1.150E-09
  116 42 Mo  96  1.210E-09  1.218E-09
  117 42 Mo  97  7.016E-10  7.063E-10
  118 42 Mo  98  1.788E-09  1.800E-09
  119 42 Mo 100  7.292E-10  7.340E-10
  120 44 Ru  96  2.937E-10  2.956E-10
  121 44 Ru  98  1.011E-10  1.017E-10
  122 44 Ru  99  6.960E-10  7.006E-10
  123 44 Ru 100  6.943E-10  6.989E-10
  124 44 Ru 101  9.506E-10  9.570E-10
  125 44 Ru 102  1.775E-09  1.787E-09
  126 44 Ru 104  1.070E-09  1.077E-09
  127 45 Rh 103  1.110E-09  1.117E-09
  128 46 Pd 102  4.326E-11  4.355E-11
  129 46 Pd 104  4.834E-10  4.866E-10
  130 46 Pd 105  9.761E-10  9.826E-10
  131 46 Pd 106  1.207E-09  1.215E-09
  132 46 Pd 108  1.192E-09  1.200E-09
  133 46 Pd 110  5.369E-10  5.404E-10
  134 47 Ag 107  7.917E-10  7.970E-10
  135 47 Ag 109  7.492E-10  7.542E-10
  136 48 Cd 106  6.097E-11  6.138E-11
  137 48 Cd 108  4.424E-11  4.453E-11
  138 48 Cd 110  6.327E-10  6.369E-10
  139 48 Cd 111  6.546E-10  6.590E-10
  140 48 Cd 112  1.243E-09  1.251E-09
  141 48 Cd 113  6.369E-10  6.411E-10
  142 48 Cd 114  1.507E-09  1.517E-09
  143 48 Cd 116  4.011E-10  4.037E-10
  144 49 In 113  2.561E-11  2.578E-11
  145 49 In 115  5.780E-10  5.818E-10
  146 50 Sn 112  1.180E-10  1.187E-10
  147 50 Sn 114  8.148E-11  8.201E-11
  148 50 Sn 115  4.226E-11  4.254E-11
  149 50 Sn 116  1.829E-09  1.841E-09
  150 50 Sn 117  9.739E-10  9.803E-10
  151 50 Sn 118  3.100E-09  3.120E-09
  152 50 Sn 119  1.108E-09  1.115E-09
  153 50 Sn 120  4.242E-09  4.270E-09
  154 50 Sn 122  6.125E-10  6.165E-10
  155 50 Sn 124  7.786E-10  7.836E-10
  156 51 Sb 121  6.620E-10  6.663E-10
  157 51 Sb 123  5.035E-10  5.068E-10
  158 52 Te 120  1.604E-11  1.614E-11
  159 52 Te 122  4.441E-10  4.470E-10
  160 52 Te 123  1.562E-10  1.572E-10
  161 52 Te 124  8.355E-10  8.409E-10
  162 52 Te 125  1.248E-09  1.256E-09
  163 52 Te 126  3.341E-09  3.362E-09
  164 52 Te 128  5.675E-09  5.712E-09
  165 52 Te 130  6.146E-09  6.185E-09
  166 53 I  127  3.681E-09  3.705E-09
  167 54 Xe 124  2.500E-11  2.517E-11
  168 54 Xe 126  2.204E-11  2.218E-11
  169 54 Xe 128  4.463E-10  4.492E-10
  170 54 Xe 129  5.547E-09  5.583E-09
  171 54 Xe 130  8.914E-10  8.972E-10
  172 54 Xe 131  4.473E-09  4.501E-09
  173 54 Xe 132  5.450E-09  5.485E-09
  174 54 Xe 134  2.029E-09  2.042E-09
  175 54 Xe 136  1.676E-09  1.686E-09
  176 55 Cs 133  1.419E-09  1.428E-09
  177 56 Ba 130  1.738E-11  1.749E-11
  178 56 Ba 132  1.688E-11  1.699E-11
  179 56 Ba 134  4.096E-10  4.122E-10
  180 56 Ba 135  1.125E-09  1.132E-09
  181 56 Ba 136  1.350E-09  1.359E-09
  182 56 Ba 137  1.945E-09  1.958E-09
  183 56 Ba 138  1.251E-08  1.259E-08
  184 57 La 138  1.608E-12  1.618E-12
  185 57 La 139  1.778E-09  1.789E-09
  186 58 Ce 136  8.575E-12  8.631E-12
  187 58 Ce 138  1.175E-11  1.182E-11
  188 58 Ce 140  4.206E-09  4.233E-09
  189 58 Ce 142  5.360E-10  5.394E-10
  190 59 Pr 141  7.117E-10  7.162E-10
  191 60 Nd 142  9.362E-10  9.422E-10
  192 60 Nd 143  4.185E-10  4.212E-10
  193 60 Nd 144  8.330E-10  8.383E-10
  194 60 Nd 145  2.922E-10  2.940E-10
  195 60 Nd 146  6.086E-10  6.124E-10
  196 60 Nd 148  2.062E-10  2.075E-10
  197 60 Nd 150  2.047E-10  2.060E-10
  198 62 Sm 144  3.268E-11  3.289E-11
  199 62 Sm 147  1.677E-10  1.688E-10
  200 62 Sm 148  1.230E-10  1.238E-10
  201 62 Sm 149  1.520E-10  1.529E-10
  202 62 Sm 150  8.195E-11  8.247E-11
  203 62 Sm 152  3.004E-10  3.023E-10
  204 62 Sm 154  2.587E-10  2.603E-10
  205 63 Eu 151  1.996E-10  2.008E-10
  206 63 Eu 153  2.208E-10  2.222E-10
  207 64 Gd 152  2.960E-12  2.978E-12
  208 64 Gd 154  3.240E-11  3.261E-11
  209 64 Gd 155  2.214E-10  2.228E-10
  210 64 Gd 156  3.082E-10  3.101E-10
  211 64 Gd 157  2.372E-10  2.387E-10
  212 64 Gd 158  3.788E-10  3.811E-10
  213 64 Gd 160  3.377E-10  3.397E-10
  214 65 Tb 159  2.730E-10  2.747E-10
  215 66 Dy 156  9.793E-13  9.854E-13
  216 66 Dy 158  1.704E-12  1.714E-12
  217 66 Dy 160  4.204E-11  4.230E-11
  218 66 Dy 161  3.416E-10  3.437E-10
  219 66 Dy 162  4.638E-10  4.667E-10
  220 66 Dy 163  4.558E-10  4.586E-10
  221 66 Dy 164  5.191E-10  5.223E-10
  222 67 Ho 165  4.309E-10  4.336E-10
  223 68 Er 162  1.648E-12  1.658E-12
  224 68 Er 164  1.959E-11  1.971E-11
  225 68 Er 166  4.142E-10  4.167E-10
  226 68 Er 167  2.842E-10  2.860E-10
  227 68 Er 168  3.341E-10  3.361E-10
  228 68 Er 170  1.884E-10  1.896E-10
  229 69 Tm 169  1.818E-10  1.829E-10
  230 70 Yb 168  1.577E-12  1.587E-12
  231 70 Yb 170  3.731E-11  3.754E-11
  232 70 Yb 171  1.763E-10  1.774E-10
  233 70 Yb 172  2.711E-10  2.728E-10
  234 70 Yb 173  2.015E-10  2.027E-10
  235 70 Yb 174  3.999E-10  4.023E-10
  236 70 Yb 176  1.622E-10  1.632E-10
  237 71 Lu 175  1.770E-10  1.781E-10
  238 71 Lu 176  5.157E-12  5.188E-12
  239 72 Hf 174  1.391E-12  1.399E-12
  240 72 Hf 176  4.520E-11  4.548E-11
  241 72 Hf 177  1.626E-10  1.636E-10
  242 72 Hf 178  2.399E-10  2.413E-10
  243 72 Hf 179  1.204E-10  1.212E-10
  244 72 Hf 180  3.119E-10  3.138E-10
  245 73 Ta 180  1.350E-14  1.358E-14
  246 73 Ta 181  1.104E-10  1.111E-10
  247 74 W  180  8.006E-13  8.054E-13
  248 74 W  182  1.790E-10  1.801E-10
  249 74 W  183  9.724E-11  9.783E-11
  250 74 W  184  2.093E-10  2.106E-10
  251 74 W  186  1.963E-10  1.975E-10
  252 75 Re 185  1.057E-10  1.063E-10
  253 75 Re 187  1.927E-10  1.938E-10
  254 76 Os 184  7.114E-13  7.157E-13
  255 76 Os 186  5.800E-11  5.835E-11
  256 76 Os 187  4.638E-11  4.666E-11
  257 76 Os 188  4.893E-10  4.922E-10
  258 76 Os 189  5.997E-10  6.033E-10
  259 76 Os 190  9.804E-10  9.863E-10
  260 76 Os 192  1.539E-09  1.548E-09
  261 77 Ir 191  1.334E-09  1.342E-09
  262 77 Ir 193  2.270E-09  2.283E-09
  263 78 Pt 190  1.027E-12  1.033E-12
  264 78 Pt 192  5.928E-11  5.963E-11
  265 78 Pt 194  2.523E-09  2.538E-09
  266 78 Pt 195  2.603E-09  2.618E-09
  267 78 Pt 196  1.952E-09  1.963E-09
  268 78 Pt 198  5.596E-10  5.629E-10
  269 79 Au 197  1.120E-09  1.126E-09
  270 80 Hg 196  3.590E-12  3.611E-12
  271 80 Hg 198  2.366E-10  2.380E-10
  272 80 Hg 199  4.032E-10  4.056E-10
  273 80 Hg 200  5.541E-10  5.574E-10
  274 80 Hg 201  3.179E-10  3.198E-10
  275 80 Hg 202  7.241E-10  7.284E-10
  276 80 Hg 204  1.678E-10  1.688E-10
  277 81 Tl 203  3.217E-10  3.235E-10
  278 81 Tl 205  7.748E-10  7.794E-10
  279 82 Pb 204  3.830E-10  3.852E-10
  280 82 Pb 206  3.599E-09  3.620E-09
  281 82 Pb 207  4.002E-09  4.025E-09
  282 82 Pb 208  1.151E-08  1.158E-08
  283 83 Bi 209  8.434E-10  8.484E-10
  284 90 Th 232  2.968E-10  2.985E-10
  285 92 U  235  4.045E-11  4.067E-11
  286 92 U  238  1.295E-10  1.302E-10
