#N errtol T avgerr maxerr errsum2 maxerr2 avgerrexact maxerrexact exactnorm
  1280  1e-05   13.3 0.000927 0.0025 6.42e-05 0.000104  0.047   1.69  0.699
  1280 0.0001   7.39 0.00504 0.0128 0.000474 0.000742 0.0469   1.69  0.699
  1280  0.001   4.37 0.0245 0.0538 0.00315 0.00476 0.0465   1.68  0.699
  1280   0.01   2.55  0.127  0.264 0.0232 0.0352 0.0458   1.67  0.699
  1280    0.1   1.83  0.518   1.26  0.132  0.277 0.0457   1.67  0.699
  5120  1e-05     69 0.00142 0.00334 7.84e-05 0.000118 0.0183  0.662  0.178
  5120 0.0001   37.4 0.00708 0.0159 0.000552 0.000826 0.0181   0.66  0.178
  5120  0.001   21.3 0.0326  0.071 0.00361 0.0057 0.0179  0.655  0.178
  5120   0.01   13.3   0.16  0.347 0.0257 0.0423 0.0177  0.642  0.178
  5120    0.1   9.66  0.644   1.75  0.147  0.291 0.0182  0.631  0.178
 20480  1e-05    385 0.0019 0.00399 8.93e-05 0.000129 0.00781  0.291  0.045
 20480 0.0001    198 0.00911 0.0189 0.00062 0.00092 0.00771  0.289  0.045
 20480  0.001    105 0.0415 0.0947 0.00406 0.00676 0.00766  0.285  0.045
 20480   0.01   65.1  0.199  0.466 0.0284 0.0489 0.00776  0.282  0.045
 20480    0.1   46.7  0.813   2.48  0.167  0.344 0.00858  0.269  0.045
 81920 0.0001    942 0.0108 0.0257 0.000669 0.00109 0.00355  0.132 0.0115
 81920  0.001    507 0.0475  0.129 0.00433 0.0077 0.00356  0.132 0.0115
 81920   0.01    299  0.223  0.614 0.0299 0.0554 0.00389  0.134 0.0115
 81920    0.1    219  0.918   3.17  0.179  0.386 0.00537  0.148 0.0115
