  365    2.74725E-03    1.50000    1.00000    1.00000
  0.    1.4335346587603   0.77962034940720
    2.7472527866155D-03    1.4335346587603   0.77962034940720
    5.4945055732310D-03    1.4333438593516   0.77944740046622
    8.2417583598465D-03    1.4332025327855   0.77931931814383
    1.0989011146462D-02    1.4329609788543   0.77910043028895
    1.3736263421362D-02    1.4326436349205   0.77881287190494
    1.6483516719693D-02    1.4322530643440   0.77845906268866
    1.9230770018024D-02    1.4317902924686   0.77803989843614
    2.1978022292924D-02    1.4312556610757   0.77755574650858
    2.4725274567824D-02    1.4306493410558   0.77700683302011
    2.7472526842724D-02    1.4299715032997   0.77639336868582
    3.0219781164486D-02    1.4292224041432   0.77571560779875
    3.2967033439386D-02    1.4284020435864   0.77497366832207
    3.5714285714286D-02    1.4275106779653   0.77416781297308
    3.8461540036048D-02    1.4265483072799   0.77329817252982
    4.1208790264085D-02    1.4255152733114   0.77236507105647
    4.3956044585848D-02    1.4244115760599   0.77136865577276
    4.6703298907611D-02    1.4232373864160   0.77030917531028
    4.9450549135647D-02    1.4219928752704   0.76918688719683
    5.2197803457410D-02    1.4206782989590   0.76800210415023
    5.4945053685447D-02    1.4192937429271   0.76675505549773
    5.7692308007210D-02    1.4178394635108   0.76544607199823
    6.0439562328972D-02    1.4163156316006   0.76407544723769
    6.3186812557009D-02    1.4147224180873   0.76264348381425
    6.5934066878772D-02    1.4130601647521   0.76115058535453
    6.8681321200535D-02    1.4113289570403   0.75959702615307
    7.1428571428571D-02    1.4095291367333   0.75798322735841
    7.4175821656608D-02    1.4076608747217   0.75630952677977
    7.6923080072097D-02    1.4057245127867   0.75457636267799
    7.9670330300134D-02    1.4037202218191   0.75278408996505
    8.2417580528171D-02    1.4016483436001   0.75093316365434
    8.5164838943659D-02    1.3995091344657   0.74902400113548
    8.7912089171696D-02    1.3973029361972   0.74705707366343
    9.0659339399733D-02    1.3950299196853   0.74503276910833
    9.3406597815221D-02    1.3926905121565   0.74295162027071
    9.6153848043258D-02    1.3902850553922   0.74081412188238
    9.8901098271295D-02    1.3878137202830   0.73862068526235
    1.0164835668678D-01    1.3852770195009   0.73637191128002
    1.0439560691482D-01    1.3826751239365   0.73406822621271
   0.10714285714286    1.3800085462617   0.73171024519483
   0.10989010737089    1.3772776282579   0.72929849946233
   0.11263736578638    1.3744826262609   0.72683348198864
   0.11538461601442    1.3716239674976   0.72431578303333
   0.11813186624246    1.3687020791943   0.72174599926785
   0.12087912465794    1.3657173031326   0.71912468864597
   0.12362637488598    1.3626701519842   0.71645250536248
   0.12637362511402    1.3595608820852   0.71372997475177
   0.12912088352951    1.3563900061076   0.71095776289802
   0.13186813375754    1.3531578658325   0.70813645186639
   0.13461538398558    1.3498649739320   0.70526671883311
   0.13736264240107    1.3465117576327   0.70234920150882
   0.14010989262911    1.3430986441612   0.69938454284041
   0.14285714285714    1.3396261461894   0.69637343527316
   0.14560439308518    1.3360946054987   0.69331648719737
   0.14835164331322    1.3325046202062   0.69021444486936
   0.15109890991616    1.3288566175387   0.68706797016733
   0.15384616014419    1.3251510247228   0.68387772942440
   0.15659341037223    1.3213883544304   0.68064443728210
   0.15934066060027    1.3175692047787   0.67736885612162
   0.16208791082830    1.3136939175490   0.67405162009257
   0.16483516105634    1.3097631763041   0.67069354252323
   0.16758242765928    1.3057773228251   0.66729526467905
   0.17032967788732    1.3017370406746   0.66385760597244
   0.17307692811535    1.2976426716339   0.66038121411687
   0.17582417834339    1.2934949847111   0.65686695731574
   0.17857142857143    1.2892943216872   0.65331548879405
   0.18131867879947    1.2850412806797   0.64972759458846
   0.18406592902750    1.2807365452511   0.64610410574617
   0.18681319563044    1.2763804571828   0.64244568261788
   0.18956044585848    1.2719737000372   0.63875315991429
   0.19230769608652    1.2675168719317   0.63502733051354
   0.19505494631455    1.2630104855382   0.63126894578517
   0.19780219654259    1.2584550535287   0.62747875852556
   0.20054944677063    1.2538513449110   0.62365765029230
   0.20329671337357    1.2491997869119   0.61980633289814
   0.20604396360160    1.2445010630938   0.61592564635692
   0.20879121382964    1.2397556861288   0.61201634621092
   0.21153846405768    1.2349643395794   0.60807927272695
   0.21428571428571    1.2301276215629   0.60411522374496
   0.21703296451375    1.2252460447512   0.60012495504888
   0.21978021474179    1.2203202927070   0.59610930597233
   0.22252748134473    1.2153510489929   0.59206911485439
   0.22527473157276    1.2103388262806   0.58800513583634
   0.22802198180080    1.2052843081330   0.58391820541628
   0.23076923202884    1.2001881781125   0.57980915857399
   0.23351648225688    1.1950509488911   0.57567874626891
   0.23626373248491    1.1898732185861   0.57152775957873
   0.23901099908785    1.1846558416507   0.56735711078923
   0.24175824931589    1.1793992453116   0.56316750501081
   0.24450549954393    1.1741041985765   0.55895980914195
   0.24725274977196    1.1687713850083   0.55473484649570
   0.25000000000000    1.1634013172787   0.55049335680838
   0.25274725022804    1.1579946789504   0.54623615854714
   0.25549451683098    1.1525522390313   0.54196410732212
   0.25824176705901    1.1470745101933   0.53767793487929
   0.26098901728705    1.1415621759991   0.53337845046745
   0.26373626751509    1.1360160054566   0.52906649961462
   0.26648351774312    1.1304365966829   0.52474284432493
   0.26923076797116    1.1248246332408   0.52040828282134
   0.27197801819920    1.1191807132474   0.51606356993941
   0.27472528480214    1.1135056057108   0.51170953543941
   0.27747253503017    1.1077998233028   0.50734688686199
   0.28021978525821    1.1020642204767   0.50297648437285
   0.28296703548625    1.0962993953497   0.49859906589101
   0.28571428571429    1.0905059460392   0.49421536514931
   0.28846153594232    1.0846847269983   0.48982622731747
   0.29120878617036    1.0788361654537   0.48543229921212
   0.29395603639840    1.0729611158587   0.48103441570465
   0.29670328662643    1.0670602617757   0.47663332892968
   0.29945056960428    1.0611341158768   0.47222970954714
   0.30219781983231    1.0551835326153   0.46782437532999
   0.30494507006035    1.0492091101083   0.46341802400613
   0.30769232028839    1.0432115319184   0.45901138566313
   0.31043957051642    1.0371913961630   0.45460514700088
   0.31318682074446    1.0311494718500   0.45020006385210
   0.31593407097250    1.0250864425419   0.44579684812778
   0.31868132120053    1.0190029918013   0.44139620543779
   0.32142857142857    1.0128997177456   0.43699879811008
   0.32417582165661    1.0067773039372   0.43260531925017
   0.32692307188465    1.0006364339389   0.42821645532346
   0.32967032211268   0.99447779131309   0.42383288604536
   0.33241757234072   0.98830205962249   0.41945528427378
   0.33516485531856   0.98210992242966   0.41508431590403
   0.33791210554660   0.97590197785187   0.41072060380543
   0.34065935577464   0.96967890945172   0.40636480009886
   0.34340660600267   0.96344140079179   0.40201754964886
   0.34615385623071   0.95719013543468   0.39767948996522
   0.34890110645875   0.95092571149766   0.39335121576546
   0.35164835668678   0.94464889798864   0.38903338522923
   0.35439560691482   0.93836020757957   0.38472654319081
   0.35714285714286   0.93206040927836   0.38043133265469
   0.35989010737089   0.92575010120229   0.37614831877134
   0.36263735759893   0.91942996691395   0.37187809401142
   0.36538460782697   0.91310060453060   0.36762120849763
   0.36813185805500   0.90676269761485   0.36337823920880
   0.37087914103285   0.90041684428395   0.35914972094926
   0.37362639126088   0.89406381354582   0.35493624884370
   0.37637364148892   0.88770403262710   0.35073827410110
   0.37912089171696   0.88133827053568   0.34655637596723
   0.38186814194500   0.87496721083417   0.34239109125056
   0.38461539217303   0.86859128074918   0.33824284852147
   0.38736264240107   0.86221133473396   0.33411223538524
   0.39010989262911   0.85582780001513   0.32999966488030
   0.39285714285714   0.84944144560061   0.32590567456287
   0.39560439308518   0.84305278416233   0.32183069485021
   0.39835164331322   0.83666249926289   0.31777521370847
   0.40109889354125   0.83027118901957   0.31373967809696
   0.40384614376929   0.82387936610430   0.30972449475328
   0.40659342674713   0.81748771407968   0.30573012685378
   0.40934067697517   0.81109683106297   0.30175699694849
   0.41208792720321   0.80470731517146   0.29780551937940
   0.41483517743124   0.79831967907707   0.29387606879883
   0.41758242765928   0.79193452089708   0.28996904355066
   0.42032967788732   0.78555252419408   0.28608486480581
   0.42307692811535   0.77917411619470   0.28222385189802
   0.42582417834339   0.77280006590684   0.27838644029352
   0.42857142857143   0.76643071511181   0.27457290269439
   0.43131867879947   0.76006674737220   0.27078362722483
   0.43406592902750   0.75370876080528   0.26701896266978
   0.43681317925554   0.74735718263767   0.26327918920863
   0.43956042948358   0.74101269643195   0.25956466975981
   0.44230771246142   0.73467572941476   0.25587566885812
   0.44505496268946   0.72834687970336   0.25221250315176
   0.44780221291749   0.72202665996969   0.24857545143633
   0.45054946314553   0.71571566833103   0.24496481400197
   0.45329671337357   0.70941433201399   0.24138082455365
   0.45604396360160   0.70312320641319   0.23782375308587
   0.45879121382964   0.69684284692322   0.23429386150352
   0.46153846405768   0.69057368077071   0.23079136079259
   0.46428571428571   0.68431630607292   0.22731651166403
   0.46703296451375   0.67807115005648   0.22386950999428
   0.46978021474179   0.67183872539334   0.22045057267736
   0.47252746496982   0.66561954475543   0.21705990890905
   0.47527474794767   0.65941407809204   0.21369770635609
   0.47802199817570   0.65322279535246   0.21036414536462
   0.48076924840374   0.64704616648595   0.20705939897760
   0.48351649863178   0.64088466144182   0.20378363295679
   0.48626374885982   0.63473875016933   0.20053700580312
   0.48901099908785   0.62860890261778   0.19731966877954
   0.49175824931589   0.62249554601378   0.19413175261189
   0.49450549954393   0.61639910758396   0.19097338118669
   0.49725274977196   0.61032005727759   0.18784468472796
   0.50000000000000   0.60425882232129   0.18474577326608
   0.50274725022804   0.59821587266436   0.18167676305336
   0.50549450045607   0.59219155008808   0.17863772460921
   0.50824175068411   0.58618632454174   0.17562876086319
   0.51098903366195   0.58020058052930   0.17264994231521
   0.51373628388999   0.57423474527737   0.16970134582049
   0.51648353411803   0.56828924601258   0.16678304165023
   0.51923078434606   0.56236438179357   0.16389505617749
   0.52197803457410   0.55646066529227   0.16103747213450
   0.52472528480214   0.55057835284466   0.15821029142860
   0.52747253503017   0.54471791440002   0.15541357188261
   0.53021978525821   0.53887969173965   0.15264732827892
   0.53296703548625   0.53306406936751   0.14991158176976
   0.53571428571429   0.52727134634223   0.14720632370175
   0.53846153594232   0.52150194989043   0.14453157573383
   0.54120878617036   0.51575617907074   0.14188731805532
   0.54395603639840   0.51003441838713   0.13927354906952
   0.54670331937624   0.50433696689823   0.13669023825284
   0.54945056960428   0.49866412366268   0.13413735005667
   0.55219781983231   0.49301631590708   0.13161487816975
   0.55494507006035   0.48739375724476   0.12912275371789
   0.55769232028839   0.48179683217968   0.12666094856762
   0.56043957051642   0.47622579704779   0.12422939562611
   0.56318682074446   0.47068099363041   0.12182804548293
   0.56593407097250   0.46516272098617   0.11945683267941
   0.56868132120053   0.45967119272837   0.11711566530809
   0.57142857142857   0.45420679336097   0.11480449071964
   0.57417582165661   0.44876973649730   0.11252320814898
   0.57692307188465   0.44336032119596   0.11027173425004
   0.57967032211268   0.43797880379296   0.10804997066602
   0.58241757234072   0.43262544062424   0.10585781496675
   0.58516482256876   0.42730048802579    1.0369516070136D-01
   0.58791207279679   0.42200420233358    1.0156189745140D-01
   0.59065932302483   0.41673683988358    9.9457910884156D-02
   0.59340657325287   0.41149861428910    9.7383072695860D-02
   0.59615382348090   0.40628978188612    9.5337261143131D-02
   0.59890113920855   0.40111055628793    9.3320340789809D-02
   0.60164838943659   0.39596115110787    9.1332172842007D-02
   0.60439563966463   0.39084177995922    8.9372615200685D-02
   0.60714288989266   0.38575265645531    8.7441522516731D-02
   0.60989014012070   0.38069399420945    8.5538746243757D-02
   0.61263739034874   0.37566600683494    8.3664134691815D-02
   0.61538464057677   0.37066882249977    8.1817514220928D-02
   0.61813189080481   0.36570274026258    7.9998746213551D-02
   0.62087914103285   0.36076784556868    7.8207642087019D-02
   0.62362639126088   0.35586433067007    7.6444034283529D-02
   0.62637364148892   0.35099238781871    7.4707752536560D-02
   0.62912089171696   0.34615218790526    7.2998619419254D-02
   0.63186814194500   0.34134390182037    7.1316455069649D-02
   0.63461539217303   0.33656765773201    6.9661068400462D-02
   0.63736264240107   0.33182360516952    6.8032270706607D-02
   0.64010989262911   0.32711191502353    6.6429875507807D-02
   0.64285714285714   0.32243269410070    6.4853681206015D-02
   0.64560439308518   0.31778611329168    6.3303497289242D-02
   0.64835164331322   0.31317230076445    6.1779122691648D-02
   0.65109889354125   0.30859134196435    6.0280346257065D-02
   0.65384614376929   0.30404340778201    5.8806971989322D-02
   0.65659339399733   0.29952856230144    5.7358781463949D-02
   0.65934064422536   0.29504697641327    5.5935575399080D-02
   0.66208789445340   0.29059869284017    5.4537128583129D-02
   0.66483514468144   0.28618386111147    5.3163234796892D-02
   0.66758239490947   0.28180254531114    5.1813670494307D-02
   0.67032971063712   0.27745485224586    5.0488218984205D-02
   0.67307696086516   0.27314086736093    4.9186658530907D-02
   0.67582421109320   0.26886067610169    4.7908766408143D-02
   0.67857146132123   0.26461436391345    4.6654318944958D-02
   0.68131871154927   0.26040197351889    4.5423084117713D-02
   0.68406596177731   0.25622359036333    4.4214836738877D-02
   0.68681321200535   0.25207927853075    4.3029347161296D-02
   0.68956046223338   0.24796910210515    4.1866385127152D-02
   0.69230771246142   0.24389312517053    4.0725719810115D-02
   0.69505496268946   0.23985136908821    3.9607112802224D-02
   0.69780221291749   0.23584391930352    3.8510335989445D-02
   0.70054946314553   0.23187077581647    3.7435146859761D-02
   0.70329671337357   0.22793202407236    3.6381316604889D-02
   0.70604396360160   0.22402766407121    3.5348602411583D-02
   0.70879121382964   0.22015773853568    3.4336768270721D-02
   0.71153846405768   0.21632226882709    3.3345574746461D-02
   0.71428571428571   0.21252127630678    3.2374782461364D-02
   0.71703296451375   0.20875478233608    3.1424152132305D-02
   0.71978021474179   0.20502282963765    3.0493447783016D-02
   0.72252746496982   0.20132537548883    2.9582420893479D-02
   0.72527471519786   0.19766248397361    2.8690839104926D-02
   0.72802196542590   0.19403413373066    2.7818457735567D-02
   0.73076921565394   0.19044030339865    2.6965032673782D-02
   0.73351646588197   0.18688103570024    2.6130329369025D-02
   0.73626371611001   0.18335628791278    2.5314101652681D-02
   0.73901103183766   0.17986608139758    2.4516112903449D-02
   0.74175828206570   0.17641037343199    2.3736118268686D-02
   0.74450553229373   0.17298916401602    2.2973879438960D-02
   0.74725278252177   0.16960244246898    2.2229157304181D-02
   0.75000003274981   0.16625016606823    2.1501709311895D-02
   0.75274728297784   0.16293233481376    2.0791299311912D-02
   0.75549453320588   0.15964889530224    2.0097685112855D-02
   0.75824178343392   0.15639983685301    1.9420630903211D-02
   0.76098903366195   0.15318511674340    1.8759897753761D-02
   0.76373628388999   0.15000471361209    1.8115250364805D-02
   0.76648353411803   0.14685856337509    1.7486449277576D-02
   0.76923078434606   0.14374664467105    1.6873261288330D-02
   0.77197803457410   0.14066890409666    1.6275450459290D-02
   0.77472528480214   0.13762530960991    1.5692784499057D-02
   0.77747253503017   0.13461579712682    1.5125028604268D-02
   0.78021978525821   0.13164031324406    1.4571950476017D-02
   0.78296703548625   0.12869882591962    1.4033321414431D-02
   0.78571428571429   0.12579126038886    1.3508909279058D-02
   0.78846153594232   0.12291757392910    1.2998486765365D-02
   0.79120878617036   0.12007769177569    1.2501824486784D-02
   0.79395603639840   0.11727157120598    1.2018697821024D-02
   0.79670328662643   0.11449914813596    1.1548881278817D-02
   0.79945053685447   0.11176033712031    1.1092148693102D-02
   0.80219778708251   0.10905509543637    1.0648279662787D-02
   0.80494503731054   0.10638334831948    1.0217052043080D-02
   0.80769228753858    1.0374503168564D-01    9.7982462511146D-03
   0.81043960326623    1.0114007077021D-01    9.3916432101250D-03
   0.81318685349427    9.8568390808515D-02    8.9970254215257D-03
   0.81593410372230    9.6029927716568D-02    8.6141779344599D-03
   0.81868135395034    9.3524606729710D-02    8.2428863906390D-03
   0.82142860417838    9.1052353083283D-02    7.8829380435646D-03
   0.82417585440641    8.8613086672293D-02    7.5341213145735D-03
   0.82692310463445    8.6206738072417D-02    7.1962271811197D-03
   0.82967035486249    8.3833237859328D-02    6.8690482282055D-03
   0.83241760509052    8.1492495247369D-02    6.5523769398850D-03
   0.83516485531856    7.9184446152547D-02    6.2460096619555D-03
   0.83791210554660    7.6909010469871D-02    5.9497431008219D-03
   0.84065935577464    7.4666108094349D-02    5.6633756678119D-03
   0.84340660600267    7.2455669601655D-02    5.3867082797203D-03
   0.84615385623071    7.0277609546466D-02    5.1195423397397D-03
   0.84890110645875    6.8131858504456D-02    4.8616821496289D-03
   0.85164835668678    6.6018336370632D-02    4.6129329299423D-03
   0.85439560691482    6.3936979061003D-02    4.3731027306848D-03
   0.85714285714286    6.1887695789911D-02    4.1419994585953D-03
   0.85989010737089    5.9870433154029D-02    3.9194352726878D-03
   0.86263735759893    5.7885105708033D-02    3.7052218711146D-03
   0.86538460782697    5.5931649367929D-02    3.4991740691494D-03
   0.86813185805500    5.4009994709391D-02    3.3011080155231D-03
   0.87087910828304    5.2120077648428D-02    3.1108418715991D-03
   0.87362635851108    5.0261834101044D-02    2.9281954647602D-03
   0.87637360873912    4.8435199983249D-02    2.7529902910105D-03
   0.87912085896715    4.6640121891713D-02    2.5850501091693D-03
   0.88186817469480    4.4876541082776D-02    2.4242000021654D-03
   0.88461542492284    4.3144398812779D-02    2.2702666976059D-03
   0.88736267515087    4.1443655029225D-02    2.1230795267130D-03
   0.89010992537891    3.9774264339287D-02    1.9824690982144D-03
   0.89285717560695    3.8136181350135D-02    1.8482675959512D-03
   0.89560442583499    3.6529374019773D-02    1.7203094089046D-03
   0.89835167606302    3.4953812976371D-02    1.5984305526373D-03
   0.90109892629106    3.3409471518266D-02    1.4824686526758D-03
   0.90384617651910    3.1896333624458D-02    1.3722632724498D-03
   0.90659342674713    3.0414385944117D-02    1.2676555088574D-03
   0.90934067697517    2.8963623136908D-02    1.1684881914330D-03
   0.91208792720321    2.7544055883499D-02    1.0746061430301D-03
   0.91483517743124    2.6155692194387D-02    9.8585537100409D-04
   0.91758242765928    2.4798558771237D-02    9.0208386419740D-04
   0.92032967788732    2.3472690326212D-02    8.2314109795150D-04
   0.92307692811535    2.2178132252139D-02    7.4887807492953D-04
   0.92582417834339    2.0914944627764D-02    6.7914738903124D-04
   0.92857142857143    1.9683202217743D-02    6.1380313421516D-04
   0.93131867879947    1.8482997142818D-02    5.5270089432888D-04
   0.93406592902750    1.7314437544726D-02    4.9569759901528D-04
   0.93681317925554    1.6177651591454D-02    4.4265153731110D-04
   0.93956042948358    1.5072792817568D-02    3.9342237707595D-04
   0.94230767971161    1.4000037454050D-02    3.4787094687817D-04
   0.94505492993965    1.2959589768627D-02    3.0585922911001D-04
   0.94780218016769    1.1951687406107D-02    2.6725031527478D-04
   0.95054949589534    1.0976606728711D-02    2.3190832418189D-04
   0.95329674612337    1.0034661480987D-02    1.9969815093127D-04
   0.95604399635141    9.1262174757297D-03    1.7048552839802D-04
   0.95879124657945    8.2516952641435D-03    1.4413677520988D-04
   0.96153849680748    7.4115821515924D-03    1.2051868104387D-04
   0.96428574703552    6.6064422107240D-03    9.9498280161813D-05
   0.96703299726356    5.8369343050921D-03    8.0942670368343D-05
   0.96978024749159    5.1038301127800D-03    6.4718710566890D-05
   0.97252749771963    4.4080391592104D-03    5.0692679905320D-05
   0.97527474794767    3.7506465332453D-03    3.8729901860073D-05
   0.97802199817570    3.1329589475561D-03    2.8694193143761D-05
   0.98076924840374    2.5565761655743D-03    2.0447210704553D-05
   0.98351649863178    2.0234934691261D-03    1.3847536628871D-05
   0.98626374885982    1.5362653730087D-03    8.7494327976582D-06
   0.98901099908785    1.0982804017990D-03    5.0010158968237D-06
   0.99175824931589    7.1427217638687D-04    2.4414193232974D-06
   0.99450549954393    3.9141155374565D-04    8.9589870364939D-07
   0.99725274977196    1.4230885353211D-04    1.6592915773968D-07
   1.00000000000000    1.2363291619813D-06    6.0919972224744D-11
